1 :  [96, 108, 125, 114, 115, 133, 147, 118]
2 :  [108, 129, 104, 129, 118, 104, 87]
3 :  [116, 109, 115, 111, 135, 107, 112, 120]
4 :  [134, 132, 101, 133, 104, 122, 105, 89]
5 :  [103, 97, 99, 91, 96, 107, 109]
6 :  [129, 105, 104, 107, 104, 102, 25]
7 :  [135, 120, 103, 123, 135, 89]
8 :  [115, 109, 127, 119, 123, 30]
9 :  [112, 112, 130, 121, 116, 113, 92]
10 :  [133, 113, 126, 115, 107, 109, 92]
11 :  [138, 104, 117, 94, 101, 97, 107, 97]
12 :  [107, 124, 105, 106, 125, 113, 29]
13 :  [105, 129, 123, 117, 103]
14 :  [102, 111, 137, 104, 128, 115, 104, 113]
15 :  [127, 106, 112, 149, 121, 98]
16 :  [140, 129, 122, 134, 84]
17 :  [131, 108, 136, 147, 122, 157, 99]
18 :  [104, 108, 115, 114, 113, 133, 101, 108, 116, 106, 109, 34]
19 :  [136, 105, 112, 110, 109, 108, 119, 118, 126, 127, 115, 104, 81]
20 :  [109, 132, 160, 154, 114, 78]
21 :  [117, 124, 147, 115, 126, 122, 110, 111, 101, 55]
22 :  [147, 103, 140, 121, 110, 114, 123, 77]
23 :  [121, 140, 125, 121, 111, 74]
24 :  [118, 143, 117, 177, 123, 124, 118, 104, 142, 137, 118, 109, 120, 152, 110, 132, 125, 130, 104, 112]
25 :  [113, 110, 113, 105, 103, 116, 113, 136, 108, 109]
26 :  [135, 162, 103, 105, 112, 104, 102, 154, 106, 108, 127, 18]
27 :  [119, 102, 118, 101, 107, 137, 148, 103, 129, 114, 159, 114, 110, 159]
28 :  [141, 105, 104, 150, 114, 134, 69]
29 :  [131, 104, 112, 101, 121, 118, 117, 113, 118, 149]
30 :  [125, 113, 113, 114, 119, 142, 131, 102, 137, 118, 105, 144, 99]
31 :  [110, 112, 108, 123, 119, 101, 111, 127, 123, 117, 127, 127, 142, 113, 111, 101, 126, 36]
32 :  [128, 114, 128, 101, 114, 126, 117, 120, 105, 115]
33 :  [110, 102, 149, 110, 108, 113, 41]
34 :  [114, 126, 104, 118, 106, 102, 121, 148, 118, 101]
35 :  [102, 131, 127, 117, 114, 125, 112, 103, 63]
36 :  [103, 127, 102, 110, 153, 118, 118, 108, 115, 105, 128, 94]
37 :  [126, 105, 102, 104, 107, 129, 147, 103, 141, 112, 115, 30]
38 :  [101, 114, 130, 133, 126, 120, 113, 115, 103, 77]
39 :  [111, 101, 119, 115, 123, 111, 132, 43]
40 :  [128, 115, 117, 121, 124, 93]
41 :  [116, 141, 120, 107, 113, 103, 148, 124, 107, 120, 134, 131, 102, 125, 133, 31]
42 :  [127, 131, 108, 146, 121, 149, 117, 114, 119, 126, 161, 123]
43 :  [118, 161, 116, 114, 109, 152, 126, 103, 105, 124, 122, 49]
44 :  [106, 101, 108, 124, 144, 101, 107, 115, 123, 135, 119]
45 :  [122, 119, 141, 108, 106, 129, 110, 101, 110, 40]
46 :  [110, 114, 122, 103, 112, 128, 113, 103, 127, 99]
47 :  [123, 142, 115, 118, 104, 169, 120, 124, 130, 124, 88]
48 :  [112, 118, 138, 107, 117, 108, 146, 138]
49 :  [102, 107, 123, 129, 108, 112, 146, 131, 107, 34]
50 :  [123, 131, 108, 123, 112, 119, 108, 133, 39]
