1 :  [118, 129, 106, 108, 105, 111, 99]
2 :  [103, 102, 112, 135, 125, 143, 103, 139, 125, 132, 112, 114, 112, 117, 124, 132, 45]
3 :  [161, 108, 136, 129, 124, 113, 117, 118, 112, 135, 94]
4 :  [112, 113, 105, 106, 113, 168, 106, 154, 123, 117, 104, 123, 126, 58]
5 :  [134, 153, 108, 157, 122, 106, 108, 202, 127, 80]
6 :  [104, 116, 127, 103, 147, 127, 140, 114, 107, 137]
7 :  [146, 149, 111, 113, 119, 133, 144, 125, 89]
8 :  [114, 131, 117, 138, 136, 117, 134, 143, 89]
9 :  [143, 133, 154, 107, 104, 107, 111, 121, 116, 140, 93]
10 :  [106, 123, 147, 122, 112, 113, 98]
11 :  [104, 105, 145, 121, 108, 137, 108, 125, 140, 120, 110, 107, 134, 133, 115, 109]
12 :  [107, 117, 106, 108, 93]
