1 :  [118, 122, 104, 128, 139, 104, 68]
2 :  [129, 104, 105, 147, 127, 116, 113]
3 :  [107, 118, 137, 136, 70]
4 :  [115, 113, 111, 128, 114, 117, 137]
5 :  [96, 103, 118, 118, 104, 143, 128, 128, 107, 106, 105, 118, 109, 24]
6 :  [115, 125, 112, 155, 125, 119, 140, 102, 104, 125, 39]
7 :  [117, 109, 103, 103, 116, 128, 105, 109]
8 :  [124, 101, 112, 110, 128, 111, 135, 130, 113, 30]
9 :  [118, 113, 123, 124, 150, 121, 125, 125, 125, 110, 27]
10 :  [111, 137, 101, 119, 135, 138, 109, 112, 124, 103, 101, 49]
11 :  [107, 101, 109, 115, 156, 125, 142, 127, 23]
12 :  [103, 101, 110, 115, 109, 120, 126, 101, 104, 107, 138, 143, 125, 114, 28]
13 :  [118, 113, 137, 134, 119, 107, 111, 113, 119, 123, 104, 125, 132, 147, 105]
14 :  [110, 105, 130, 101, 114, 115, 121, 113, 62]
15 :  [113, 105, 111, 103, 104, 104, 141, 123, 122, 113]
16 :  [105, 111, 140, 124, 136, 118, 120, 118, 40]
17 :  [137, 113, 132, 104, 105, 112, 164, 100]
18 :  [109, 155, 112, 118, 122, 125, 107, 141, 115, 77]
19 :  [104, 110, 107, 107, 171, 127, 110, 130, 84]
20 :  [103, 129, 132, 104, 130, 143, 105, 139, 79]
21 :  [119, 104, 112, 101, 131, 127, 142, 114, 111, 114, 108, 111, 115, 121, 55]
22 :  [116, 118, 134, 109, 138, 116, 120, 116, 102, 105, 83]
23 :  [108, 115, 101, 119, 115, 108, 165, 102, 131, 146, 153, 61]
24 :  [132, 121, 121, 115, 136, 137, 134, 115, 101, 121, 120, 133]
25 :  [91, 102, 112, 111, 145, 136, 109, 111, 126, 118, 116, 148, 25]
26 :  [117, 129, 113, 142, 124, 115, 107, 124, 108, 131, 120, 118, 102, 114, 118, 123, 135, 122, 115, 134]
27 :  [128, 138, 113, 121, 133, 130, 103, 104, 109, 136, 116, 126, 116, 116, 114, 163, 58]
28 :  [112, 115, 108, 113, 105, 93]
