1 :  [119, 138, 123, 105, 120, 144, 152, 115, 109, 33]
2 :  [139, 131, 113, 102, 111, 109]
3 :  [119, 124, 118, 136, 121, 67, 91]
4 :  [174, 83]
5 :  [131, 122, 101, 134, 102, 135, 102, 141, 103, 84]
6 :  [106, 109, 122, 121, 56]
7 :  [109, 101, 134, 109, 110, 117, 131, 106]
8 :  [101, 109, 109, 124, 112, 120, 103, 87]
9 :  [138, 140, 117, 112, 107, 118, 128]
10 :  [115, 122, 124, 147, 104, 115, 141, 121, 113, 110, 104]
11 :  [103, 107, 106, 129, 136, 44]
12 :  [114, 109]
13 :  [141, 130, 102, 110, 139, 129]
14 :  [131, 102, 121, 114, 101, 119, 131, 106, 138, 99]
15 :  [123, 132, 105]
16 :  [107, 111, 147, 130, 123]
17 :  [116, 126, 119, 117, 98]
18 :  [131, 125, 79]
19 :  [134, 120, 126, 131, 109, 142, 143, 80]
20 :  [130, 131]
21 :  [142, 123, 125, 104, 132]
22 :  [116, 110, 134, 109, 110, 146, 106, 56]
23 :  [120, 104, 107, 120, 124, 136]
24 :  [104, 119, 124, 108, 124, 137, 55]
25 :  [113, 101, 124, 104, 72]
26 :  [108, 120, 134, 121, 105, 112, 78]
27 :  [108, 128, 144, 103, 54]
28 :  [108, 103, 118, 102, 105, 123, 133, 134, 114, 114]
29 :  [142, 126, 146, 127, 148, 121, 130, 22]
30 :  [117, 134, 149, 107, 145, 143, 121, 106, 136, 118, 99]
31 :  [106, 141, 102, 97]
32 :  [112, 123, 130, 127, 114]
33 :  [107, 126, 109, 130, 103, 135, 138, 30]
34 :  [108, 149, 123, 109, 127, 40]
35 :  [104, 110, 130, 53]
36 :  [127, 129, 132, 109, 123, 103, 130, 133]
37 :  [117, 139, 130, 122, 132, 119, 133, 102, 111, 140, 114, 101, 76]
38 :  [126, 117, 101, 137, 125, 128, 91]
39 :  [118, 114, 106, 44]
40 :  [135, 122, 115, 120, 114, 138, 112, 131, 113, 66]
41 :  [104, 103, 123, 115, 117, 131, 125, 129, 108, 102]
42 :  [131, 104, 102, 101, 114, 123, 144, 140]
43 :  [110, 118, 165, 143, 101, 115, 112, 120, 107]
44 :  [120, 129, 111, 104, 134, 132, 118, 131, 130, 116, 45]
45 :  [136, 126, 139, 106, 191, 145, 178, 108, 25]
46 :  [109, 110, 115, 109, 46]
47 :  [123, 118, 109, 112, 136, 38]
48 :  [134, 137, 120, 101, 117, 121, 128, 58]
49 :  [111, 109, 140, 124, 152, 110, 104, 141, 141, 72]
50 :  [157, 139, 112, 107]
51 :  [153, 169, 149, 114, 120, 130, 161, 55]
52 :  [106, 115, 127, 124, 114, 58]
53 :  [128, 121, 115, 117, 112]
54 :  [134, 133, 113, 129, 131, 69]
55 :  [116, 120, 114, 133, 91]
56 :  [114, 145, 122, 120]
57 :  [101, 116, 110, 101, 167, 102, 95]
58 :  [158, 107, 146, 144, 137, 48]
59 :  [142, 111, 138, 121, 104, 130, 110]
60 :  [133, 144, 128, 115, 144, 144, 117]
61 :  [103, 127, 113, 152, 44]
62 :  [108, 121, 129, 124, 41]
63 :  [138, 101, 153, 101, 112, 115, 110]
64 :  [121, 128, 103, 73]
65 :  [115, 171, 102, 142, 127, 129, 113, 101, 84]
66 :  [167, 139, 101, 120, 106, 132, 105, 183, 101, 53]
