1 :  [103, 136, 103, 118, 111, 125, 133, 141, 134, 62]
2 :  [123, 120, 101, 108, 102, 126, 118, 110, 56]
3 :  [131, 102, 106, 97, 120, 105, 128, 107, 28]
4 :  [104, 145, 105, 115, 152, 130, 144]
5 :  [107, 114, 108, 119, 101, 128, 71]
6 :  [131, 127, 142, 115, 129, 131]
7 :  [125, 102, 119, 111, 120, 132, 114, 111]
8 :  [103, 116, 151, 126, 114, 143, 117, 106, 109, 130, 110, 90]
9 :  [113, 115, 101, 127, 106, 104, 107, 134, 109, 139]
10 :  [102, 136, 109, 132, 115, 69]
11 :  [140, 135, 145, 130, 102, 134, 135, 107, 105, 102]
12 :  [151, 117, 104, 123, 140, 18]
13 :  [116, 115, 130, 129, 27]
14 :  [130, 101, 135, 144, 132, 105]
15 :  [126, 110, 125, 114, 124, 115, 103, 117, 129, 22]
16 :  [104, 141, 131, 127, 120, 107, 104, 32]
