1 :  [116, 110, 145, 140, 110, 120, 82]
2 :  [114, 118, 141, 102, 161, 128, 134, 116, 108, 85]
3 :  [162, 117, 113, 118, 109, 105, 126, 111]
4 :  [117, 121, 125, 98]
5 :  [113, 107, 130, 102, 90]
6 :  [110, 101, 145, 138, 136, 63]
7 :  [128, 133, 130, 110, 108, 43]
8 :  [124, 102, 102, 105, 55]
9 :  [108, 110, 111, 122, 117, 117, 25]
10 :  [137, 124, 104, 80]
11 :  [115, 119, 124, 131, 113, 145, 44]
12 :  [137, 119, 134, 117, 106, 54]
13 :  [128, 111, 119, 144, 103, 45]
14 :  [136, 126, 131, 119, 106, 113, 132]
15 :  [101, 116, 102, 47]
16 :  [118, 126, 127, 118, 103, 101, 53]
17 :  [128, 130, 119, 101, 119, 114, 24]
18 :  [140, 107, 105, 112, 108, 129, 140, 155, 90]
19 :  [102, 147, 114, 112, 136, 112, 130]
20 :  [110, 107, 110, 131, 107, 89]
21 :  [135, 141, 149, 115, 110, 155, 122, 82]
22 :  [118, 118, 118, 132, 124, 135, 53]
