1 :  [115, 103, 108, 139, 110, 117, 111, 109, 106, 102, 119, 58]
2 :  [124, 113, 140, 123, 107, 104, 105, 154, 46]
3 :  [112, 144, 107, 129, 109, 122, 109, 118, 26]
4 :  [112, 104, 120, 139, 134, 113, 105, 101, 119, 123, 34]
5 :  [114, 110, 148, 114, 128, 119, 104, 110, 114, 125, 113, 31]
6 :  [155, 128, 143, 119, 114, 141, 103, 110, 132, 142, 135, 92, 129, 114, 61]
7 :  [130, 111, 118, 108, 119, 135, 131, 112, 111, 42]
8 :  [120, 122, 111, 144, 109, 116, 131, 112, 140, 95]
9 :  [115, 138, 121, 107, 137, 122, 104, 116, 102, 114, 122, 127, 106, 109, 39]
10 :  [111, 110, 138, 103, 102, 117, 119, 116, 128, 126, 115, 116, 118, 137, 38]
11 :  [136, 107, 108, 132, 140, 115, 109, 115, 101, 113]
12 :  [104, 106, 117, 105, 115, 139, 105, 117, 108, 128, 113, 124, 142]
13 :  [118, 124, 114, 124, 106, 104, 124, 137, 125, 112, 41]
14 :  [116, 119, 106, 125, 111, 114, 107, 112, 116, 129, 114, 106, 114, 101, 131, 106, 139, 144, 125, 124]
15 :  [117, 119, 133, 124, 116, 116, 106, 118, 102, 136, 123, 79]
16 :  [114, 138, 107, 138, 118, 67]
